 
****************************************
Report : net
Design : stochastic_rounding
Version: I-2013.12-SP4
Date   : Wed May 12 16:28:45 2021
****************************************


Operating Conditions: TYPICAL   Library: 14nm_sg_345K_maxfan4_wire
Wire Load Model Mode: top

Design        Wire Load Model            Library
------------------------------------------------
stochastic_rounding    1K                14nm_sg_345K_maxfan4_wire


Attributes:
   dr - drc disabled
    d - dont_touch

Net
 Fanout    Fanin     Load      LoadUR    LoadUF    LoadLR    LoadLF    Resist    Pins      Attr
-----------------------------------------------------------------------------------------------
clk
     16         1        4.83      5.65      4.02      5.65      4.02      0.29      17    dr, d
f[0]
      1         1        0.05      0.05      0.05      0.05      0.05      0.02       2    
f[1]
      1         1        0.05      0.05      0.05      0.05      0.05      0.02       2    
f[2]
      1         1        0.05      0.05      0.05      0.05      0.05      0.02       2    
f[3]
      1         1        0.05      0.05      0.05      0.05      0.05      0.02       2    
f[4]
      1         1        0.05      0.05      0.05      0.05      0.05      0.02       2    
f[5]
      1         1        0.05      0.05      0.05      0.05      0.05      0.02       2    
f[6]
      1         1        0.05      0.05      0.05      0.05      0.05      0.02       2    
f[7]
      1         1        0.05      0.05      0.05      0.05      0.05      0.02       2    
f[8]
      1         1        0.05      0.05      0.05      0.05      0.05      0.02       2    
f[9]
      1         1        0.05      0.05      0.05      0.05      0.05      0.02       2    
f[10]
      1         1        0.05      0.05      0.05      0.05      0.05      0.02       2    
f[11]
      1         1        0.05      0.05      0.05      0.05      0.05      0.02       2    
f[12]
      1         1        0.05      0.05      0.05      0.05      0.05      0.02       2    
f[13]
      1         1        0.05      0.05      0.05      0.05      0.05      0.02       2    
f[14]
      1         1        0.05      0.05      0.05      0.05      0.05      0.02       2    
f[15]
      1         1        0.05      0.05      0.05      0.05      0.05      0.02       2    
f[16]
      1         1        0.05      0.05      0.05      0.05      0.05      0.02       2    
f[17]
      1         1        0.05      0.05      0.05      0.05      0.05      0.02       2    
f[18]
      1         1        0.05      0.05      0.05      0.05      0.05      0.02       2    
f[19]
      1         1        0.05      0.05      0.05      0.05      0.05      0.02       2    
i[0]
      2         1        2.86      2.86      2.86      2.86      2.86      0.07       3    
i[1]
      3         1        3.59      3.59      3.59      3.59      3.59      0.10       4    
i[2]
      3         1        3.72      3.72      3.72      3.72      3.72      0.10       4    
i[3]
      3         1        3.59      3.59      3.59      3.59      3.59      0.10       4    
i[4]
      2         1        5.73      5.73      5.73      5.73      5.73      0.07       3    
i[5]
      2         1        5.73      5.73      5.73      5.73      5.73      0.07       3    
i[6]
      2         1        5.73      5.73      5.73      5.73      5.73      0.07       3    
i[7]
      2         1        5.73      5.73      5.73      5.73      5.73      0.07       3    
i[8]
      2         1        5.73      5.73      5.73      5.73      5.73      0.07       3    
i[9]
      2         1        5.73      5.73      5.73      5.73      5.73      0.07       3    
i[10]
      2         1        5.73      5.73      5.73      5.73      5.73      0.07       3    
i[11]
      2         1        5.73      5.73      5.73      5.73      5.73      0.07       3    
i[12]
      2         1        5.73      5.73      5.73      5.73      5.73      0.07       3    
i[13]
      3         1        6.46      6.46      6.46      6.46      6.46      0.10       4    
i[14]
      2         1        5.73      5.73      5.73      5.73      5.73      0.07       3    
i[15]
      3         1        6.46      6.46      6.46      6.46      6.46      0.10       4    
i[16]
      5         1       12.45     12.45     12.45     12.45     12.45      0.17       6    
i[17]
      4         1       15.11     15.11     15.11     15.11     15.11      0.14       5    
i[18]
      6         1        9.66      9.66      9.66      9.66      9.66      0.20       7    
i[19]
      2         1       11.28     11.28     11.28     11.28     11.28      0.07       3    
i[20]
      4         1       10.62     10.62     10.62     10.62     10.62      0.14       5    
i[21]
      7         1        7.63      7.63      7.63      7.63      7.63      0.23       8    
i[22]
      2         1       11.28     11.28     11.28     11.28     11.28      0.07       3    
i[23]
      3         1        7.91      7.91      7.91      7.91      7.91      0.10       4    
i[24]
      7         1        7.63      7.63      7.63      7.63      7.63      0.23       8    
i[25]
      2         1       11.28     11.28     11.28     11.28     11.28      0.07       3    
i[26]
      3         1        7.91      7.91      7.91      7.91      7.91      0.10       4    
i[27]
      7         1        7.52      7.52      7.52      7.52      7.52      0.23       8    
i[28]
      2         1       11.28     11.28     11.28     11.28     11.28      0.07       3    
i[29]
      3         1        7.91      7.91      7.91      7.91      7.91      0.10       4    
i[30]
      6         1        7.10      7.10      7.10      7.10      7.10      0.20       7    
i[31]
      3         1        6.07      6.07      6.07      6.07      6.07      0.10       4    
i[32]
      5         1       10.32     10.32     10.32     10.32     10.32      0.17       6    
i[33]
      5         1       10.69     10.69     10.69     10.69     10.69      0.17       6    
i[34]
      2         1        6.41      6.41      6.41      6.41      6.41      0.07       3    
i[35]
      2         1        2.85      2.85      2.85      2.85      2.85      0.07       3    
i[36]
      2         1        2.85      2.85      2.85      2.85      2.85      0.07       3    
i[37]
      2         1        8.19      8.19      8.19      8.19      8.19      0.07       3    
i[38]
      2         1        7.33      7.33      7.33      7.33      7.33      0.07       3    
i[39]
      2         1        7.33      7.33      7.33      7.33      7.33      0.07       3    
i[40]
      2         1        2.85      2.85      2.85      2.85      2.85      0.07       3    
i[41]
      2         1        3.49      3.49      3.49      3.49      3.49      0.07       3    
i[42]
      2         1        3.49      3.49      3.49      3.49      3.49      0.07       3    
i[43]
      5         1       13.69     13.69     13.69     13.69     13.69      0.17       6    
lfsr/N3
      1         1        0.18      0.21      0.15      0.21      0.15      0.02       2    
lfsr/N4
      1         1        0.18      0.21      0.15      0.21      0.15      0.02       2    
lfsr/N18
      1         1        0.18      0.21      0.15      0.21      0.15      0.02       2    
n323
      1         1        0.18      0.18      0.18      0.18      0.18      0.02       2    
n326
      1         1        0.18      0.18      0.18      0.18      0.18      0.02       2    
n327
      1         1        0.18      0.18      0.18      0.18      0.18      0.02       2    
n328
      2         1        0.42      0.42      0.42      0.42      0.42      0.07       3    
n329
      1         1        0.18      0.18      0.18      0.18      0.18      0.02       2    
n331
      1         1        0.18      0.18      0.18      0.18      0.18      0.02       2    
n332
      1         1        0.69      0.69      0.69      0.69      0.69      0.02       2    
n333
      1         1        0.69      0.69      0.69      0.69      0.69      0.02       2    
n336
      1         1        0.18      0.18      0.18      0.18      0.18      0.02       2    
n337
      2         1        1.45      1.45      1.45      1.45      1.45      0.07       3    
n339
      1         1        2.09      2.09      2.09      2.09      2.09      0.02       2    
n340
      3         1        1.16      1.16      1.16      1.16      1.16      0.10       4    
n341
      2         1        1.44      1.44      1.44      1.44      1.44      0.07       3    
n342
      1         1        0.31      0.31      0.31      0.31      0.31      0.02       2    
n343
      2         1        1.83      1.83      1.83      1.83      1.83      0.07       3    
n344
      2         1        0.94      0.94      0.94      0.94      0.94      0.07       3    
n345
      2         1        0.94      0.94      0.94      0.94      0.94      0.07       3    
n346
      4         1        1.89      1.89      1.89      1.89      1.89      0.14       5    
n347
      2         1        0.94      0.94      0.94      0.94      0.94      0.07       3    
n348
      3         1        1.67      1.67      1.67      1.67      1.67      0.10       4    
n349
      4         1        1.89      1.89      1.89      1.89      1.89      0.14       5    
n350
      3         1        1.16      1.16      1.16      1.16      1.16      0.10       4    
n351
      3         1        1.67      1.67      1.67      1.67      1.67      0.10       4    
n352
      1         1        0.18      0.18      0.18      0.18      0.18      0.02       2    
n353
      4         1        1.89      1.89      1.89      1.89      1.89      0.14       5    
n354
      3         1        1.16      1.16      1.16      1.16      1.16      0.10       4    
n355
      3         1        1.67      1.67      1.67      1.67      1.67      0.10       4    
n356
      1         1        0.18      0.18      0.18      0.18      0.18      0.02       2    
n357
      3         1        1.67      1.67      1.67      1.67      1.67      0.10       4    
n358
      2         1        0.94      0.94      0.94      0.94      0.94      0.07       3    
n359
      3         1        1.67      1.67      1.67      1.67      1.67      0.10       4    
n360
      2         1        0.94      0.94      0.94      0.94      0.94      0.07       3    
n361
      4         1        1.89      1.89      1.89      1.89      1.89      0.14       5    
n362
      4         1        1.89      1.89      1.89      1.89      1.89      0.14       5    
n363
      1         1        0.69      0.69      0.69      0.69      0.69      0.02       2    
n364
      1         1        0.18      0.18      0.18      0.18      0.18      0.02       2    
n365
      1         1        0.69      0.69      0.69      0.69      0.69      0.02       2    
n366
      2         1        0.94      0.94      0.94      0.94      0.94      0.07       3    
n367
      1         1        0.69      0.69      0.69      0.69      0.69      0.02       2    
n368
      2         1        0.94      0.94      0.94      0.94      0.94      0.07       3    
n369
      1         1        0.18      0.18      0.18      0.18      0.18      0.02       2    
n370
      2         1        0.94      0.94      0.94      0.94      0.94      0.07       3    
n371
      2         1        0.94      0.94      0.94      0.94      0.94      0.07       3    
n372
      2         1        0.94      0.94      0.94      0.94      0.94      0.07       3    
n373
      2         1        0.94      0.94      0.94      0.94      0.94      0.07       3    
n374
      1         1        0.18      0.18      0.18      0.18      0.18      0.02       2    
n375
      2         1        0.94      0.94      0.94      0.94      0.94      0.07       3    
n376
      2         1        0.94      0.94      0.94      0.94      0.94      0.07       3    
n377
      2         1        0.94      0.94      0.94      0.94      0.94      0.07       3    
n378
      2         1        0.94      0.94      0.94      0.94      0.94      0.07       3    
n379
      1         1        0.18      0.18      0.18      0.18      0.18      0.02       2    
n381
      3         1        1.67      1.67      1.67      1.67      1.67      0.10       4    
n382
      2         1        0.94      0.94      0.94      0.94      0.94      0.07       3    
n383
      2         1        0.94      0.94      0.94      0.94      0.94      0.07       3    
n384
      1         1        0.18      0.18      0.18      0.18      0.18      0.02       2    
n385
      1         1        0.18      0.18      0.18      0.18      0.18      0.02       2    
n386
      2         1        0.42      0.42      0.42      0.42      0.42      0.07       3    
n387
      1         1        0.18      0.18      0.18      0.18      0.18      0.02       2    
n388
      2         1        0.42      0.42      0.42      0.42      0.42      0.07       3    
n389
      1         1        0.18      0.18      0.18      0.18      0.18      0.02       2    
n390
      2         1        0.42      0.42      0.42      0.42      0.42      0.07       3    
n391
      1         1        0.18      0.18      0.18      0.18      0.18      0.02       2    
n392
      2         1        0.42      0.42      0.42      0.42      0.42      0.07       3    
n394
      2         1        0.94      0.94      0.94      0.94      0.94      0.07       3    
n395
      3         1        1.16      1.16      1.16      1.16      1.16      0.10       4    
n396
      2         1        0.94      0.94      0.94      0.94      0.94      0.07       3    
n397
      1         1        0.31      0.31      0.31      0.31      0.31      0.02       2    
n398
      1         1        0.69      0.69      0.69      0.69      0.69      0.02       2    
n399
      1         1        0.69      0.69      0.69      0.69      0.69      0.02       2    
n400
      1         1        0.18      0.18      0.18      0.18      0.18      0.02       2    
n401
      1         1        0.18      0.18      0.18      0.18      0.18      0.02       2    
n403
      1         1        0.69      0.69      0.69      0.69      0.69      0.02       2    
n404
      1         1        0.69      0.69      0.69      0.69      0.69      0.02       2    
n405
      1         1        0.69      0.69      0.69      0.69      0.69      0.02       2    
n406
      1         1        0.69      0.69      0.69      0.69      0.69      0.02       2    
n407
      1         1        0.69      0.69      0.69      0.69      0.69      0.02       2    
n408
      4         1        2.41      2.41      2.41      2.41      2.41      0.14       5    
n409
      1         1        0.69      0.69      0.69      0.69      0.69      0.02       2    
n411
      1         1        0.69      0.69      0.69      0.69      0.69      0.02       2    
n412
      1         1        0.18      0.18      0.18      0.18      0.18      0.02       2    
n413
      1         1        0.18      0.18      0.18      0.18      0.18      0.02       2    
n415
      1         1        0.18      0.18      0.18      0.18      0.18      0.02       2    
n416
      1         1        0.18      0.18      0.18      0.18      0.18      0.02       2    
n417
      1         1        0.18      0.18      0.18      0.18      0.18      0.02       2    
n418
      2         1        1.18      1.18      1.18      1.18      1.18      0.07       3    
n419
      1         1        0.69      0.69      0.69      0.69      0.69      0.02       2    
n420
      1         1        0.69      0.69      0.69      0.69      0.69      0.02       2    
n422
      1         1        0.69      0.69      0.69      0.69      0.69      0.02       2    
n423
      1         1        0.69      0.69      0.69      0.69      0.69      0.02       2    
n424
      1         1        0.69      0.69      0.69      0.69      0.69      0.02       2    
n425
      2         1        1.45      1.45      1.45      1.45      1.45      0.07       3    
n426
      2         1        1.18      1.18      1.18      1.18      1.18      0.07       3    
n427
      1         1        0.18      0.18      0.18      0.18      0.18      0.02       2    
n428
      1         1        0.18      0.18      0.18      0.18      0.18      0.02       2    
n429
      1         1        0.69      0.69      0.69      0.69      0.69      0.02       2    
n430
      4         1        2.41      2.41      2.41      2.41      2.41      0.14       5    
n431
      1         1        0.69      0.69      0.69      0.69      0.69      0.02       2    
n432
      1         1        0.69      0.69      0.69      0.69      0.69      0.02       2    
n433
      1         1        0.69      0.69      0.69      0.69      0.69      0.02       2    
n434
      1         1        0.69      0.69      0.69      0.69      0.69      0.02       2    
n435
      1         1        0.18      0.18      0.18      0.18      0.18      0.02       2    
n436
      3         1        2.05      2.05      2.05      2.05      2.05      0.10       4    
n437
      1         1        0.69      0.69      0.69      0.69      0.69      0.02       2    
n438
      1         1        0.18      0.18      0.18      0.18      0.18      0.02       2    
n439
      1         1        0.18      0.18      0.18      0.18      0.18      0.02       2    
n440
      1         1        0.69      0.69      0.69      0.69      0.69      0.02       2    
n441
      1         1        0.69      0.69      0.69      0.69      0.69      0.02       2    
n442
      1         1        0.69      0.69      0.69      0.69      0.69      0.02       2    
n443
      4         1        1.38      1.38      1.38      1.38      1.38      0.14       5    
n444
      1         1        0.69      0.69      0.69      0.69      0.69      0.02       2    
n445
      1         1        0.69      0.69      0.69      0.69      0.69      0.02       2    
n446
      1         1        0.69      0.69      0.69      0.69      0.69      0.02       2    
n447
      2         1        0.94      0.94      0.94      0.94      0.94      0.07       3    
n448
      1         1        0.69      0.69      0.69      0.69      0.69      0.02       2    
n449
      1         1        0.18      0.18      0.18      0.18      0.18      0.02       2    
n450
      1         1        0.18      0.18      0.18      0.18      0.18      0.02       2    
n451
      1         1        0.18      0.18      0.18      0.18      0.18      0.02       2    
n452
      1         1        0.18      0.18      0.18      0.18      0.18      0.02       2    
n453
      1         1        0.18      0.18      0.18      0.18      0.18      0.02       2    
n454
      2         1        1.18      1.18      1.18      1.18      1.18      0.07       3    
n455
      1         1        0.69      0.69      0.69      0.69      0.69      0.02       2    
n456
      1         1        0.69      0.69      0.69      0.69      0.69      0.02       2    
n457
      1         1        0.69      0.69      0.69      0.69      0.69      0.02       2    
n458
      1         1        0.69      0.69      0.69      0.69      0.69      0.02       2    
n459
      1         1        0.43      0.43      0.43      0.43      0.43      0.02       2    
n460
      1         1        0.18      0.18      0.18      0.18      0.18      0.02       2    
n461
      1         1        0.18      0.18      0.18      0.18      0.18      0.02       2    
n462
      1         1        0.43      0.43      0.43      0.43      0.43      0.02       2    
n463
      1         1        2.09      2.09      2.09      2.09      2.09      0.02       2    
n464
      1         1        0.69      0.69      0.69      0.69      0.69      0.02       2    
n465
      1         1        0.69      0.69      0.69      0.69      0.69      0.02       2    
n466
      1         1        0.69      0.69      0.69      0.69      0.69      0.02       2    
n467
      1         1        0.69      0.69      0.69      0.69      0.69      0.02       2    
n468
      1         1        0.18      0.18      0.18      0.18      0.18      0.02       2    
n469
      4         1        2.41      2.41      2.41      2.41      2.41      0.14       5    
n470
      1         1        0.69      0.69      0.69      0.69      0.69      0.02       2    
n471
      1         1        0.69      0.69      0.69      0.69      0.69      0.02       2    
n472
      1         1        0.18      0.18      0.18      0.18      0.18      0.02       2    
n473
      1         1        0.18      0.18      0.18      0.18      0.18      0.02       2    
n474
      1         1        0.69      0.69      0.69      0.69      0.69      0.02       2    
n475
      2         1        1.18      1.18      1.18      1.18      1.18      0.07       3    
n476
      1         1        0.69      0.69      0.69      0.69      0.69      0.02       2    
n477
      1         1        0.69      0.69      0.69      0.69      0.69      0.02       2    
n478
      1         1        0.69      0.69      0.69      0.69      0.69      0.02       2    
n479
      1         1        0.69      0.69      0.69      0.69      0.69      0.02       2    
n480
      1         1        0.18      0.18      0.18      0.18      0.18      0.02       2    
n481
      1         1        0.69      0.69      0.69      0.69      0.69      0.02       2    
n482
      1         1        0.18      0.18      0.18      0.18      0.18      0.02       2    
n483
      1         1        0.18      0.18      0.18      0.18      0.18      0.02       2    
n484
      1         1        0.18      0.18      0.18      0.18      0.18      0.02       2    
n485
      1         1        0.18      0.18      0.18      0.18      0.18      0.02       2    
n486
      2         1        0.42      0.42      0.42      0.42      0.42      0.07       3    
n487
      1         1        0.69      0.69      0.69      0.69      0.69      0.02       2    
n488
      1         1        0.69      0.69      0.69      0.69      0.69      0.02       2    
n489
      1         1        0.69      0.69      0.69      0.69      0.69      0.02       2    
n490
      1         1        0.69      0.69      0.69      0.69      0.69      0.02       2    
n491
      2         1        1.45      1.45      1.45      1.45      1.45      0.07       3    
n492
      3         1        0.64      0.64      0.64      0.64      0.64      0.10       4    
n493
      1         1        0.18      0.18      0.18      0.18      0.18      0.02       2    
n494
      1         1        0.18      0.18      0.18      0.18      0.18      0.02       2    
n495
      1         1        0.69      0.69      0.69      0.69      0.69      0.02       2    
n496
      1         1        0.69      0.69      0.69      0.69      0.69      0.02       2    
n497
      1         1        0.69      0.69      0.69      0.69      0.69      0.02       2    
n498
      1         1        0.43      0.43      0.43      0.43      0.43      0.02       2    
n499
      1         1        0.18      0.18      0.18      0.18      0.18      0.02       2    
n500
      1         1        0.18      0.18      0.18      0.18      0.18      0.02       2    
n501
      4         1        1.87      1.87      1.87      1.87      1.87      0.14       5    
n502
      1         1        0.69      0.69      0.69      0.69      0.69      0.02       2    
n503
      1         1        0.69      0.69      0.69      0.69      0.69      0.02       2    
n504
      1         1        0.18      0.18      0.18      0.18      0.18      0.02       2    
n505
      3         1        0.64      0.64      0.64      0.64      0.64      0.10       4    
n506
      1         1        0.18      0.18      0.18      0.18      0.18      0.02       2    
n507
      3         1        1.27      1.27      1.27      1.27      1.27      0.10       4    
n508
      1         1        0.18      0.18      0.18      0.18      0.18      0.02       2    
n509
      1         1        0.18      0.18      0.18      0.18      0.18      0.02       2    
n510
      1         1        0.18      0.18      0.18      0.18      0.18      0.02       2    
n511
      1         1        0.69      0.69      0.69      0.69      0.69      0.02       2    
n512
      2         1        1.32      1.32      1.32      1.32      1.32      0.07       3    
n513
      1         1        0.69      0.69      0.69      0.69      0.69      0.02       2    
n514
      1         1        0.69      0.69      0.69      0.69      0.69      0.02       2    
n515
      3         1        0.64      0.64      0.64      0.64      0.64      0.10       4    
n516
      1         1        0.69      0.69      0.69      0.69      0.69      0.02       2    
n517
      2         1        0.94      0.94      0.94      0.94      0.94      0.07       3    
n518
      1         1        0.69      0.69      0.69      0.69      0.69      0.02       2    
n519
      1         1        0.18      0.18      0.18      0.18      0.18      0.02       2    
n520
      1         1        0.18      0.18      0.18      0.18      0.18      0.02       2    
n521
      1         1        0.69      0.69      0.69      0.69      0.69      0.02       2    
n522
      1         1        0.69      0.69      0.69      0.69      0.69      0.02       2    
n523
      1         1        0.56      0.56      0.56      0.56      0.56      0.02       2    
n525
      4         1        1.89      1.89      1.89      1.89      1.89      0.14       5    
n526
      1         1        0.43      0.43      0.43      0.43      0.43      0.02       2    
n527
      1         1        0.18      0.18      0.18      0.18      0.18      0.02       2    
n528
      1         1        0.18      0.18      0.18      0.18      0.18      0.02       2    
n529
      1         1        0.18      0.18      0.18      0.18      0.18      0.02       2    
n530
      1         1        0.69      0.69      0.69      0.69      0.69      0.02       2    
n531
      3         1        1.67      1.67      1.67      1.67      1.67      0.10       4    
n532
      1         1        0.18      0.18      0.18      0.18      0.18      0.02       2    
n533
      1         1        0.18      0.18      0.18      0.18      0.18      0.02       2    
n534
      1         1        0.18      0.18      0.18      0.18      0.18      0.02       2    
n535
      1         1        0.18      0.18      0.18      0.18      0.18      0.02       2    
n536
      1         1        0.43      0.43      0.43      0.43      0.43      0.02       2    
n537
      1         1        0.18      0.18      0.18      0.18      0.18      0.02       2    
n538
      1         1        0.69      0.69      0.69      0.69      0.69      0.02       2    
n539
      1         1        0.69      0.69      0.69      0.69      0.69      0.02       2    
n540
      2         1        1.45      1.45      1.45      1.45      1.45      0.07       3    
n541
      1         1        0.69      0.69      0.69      0.69      0.69      0.02       2    
n542
      1         1        0.18      0.18      0.18      0.18      0.18      0.02       2    
n543
      1         1        0.18      0.18      0.18      0.18      0.18      0.02       2    
n544
      1         1        0.69      0.69      0.69      0.69      0.69      0.02       2    
n545
      1         1        0.69      0.69      0.69      0.69      0.69      0.02       2    
n546
      1         1        0.69      0.69      0.69      0.69      0.69      0.02       2    
n547
      1         1        0.69      0.69      0.69      0.69      0.69      0.02       2    
n548
      1         1        1.07      1.07      1.07      1.07      1.07      0.02       2    
n549
      1         1        1.07      1.07      1.07      1.07      1.07      0.02       2    
n550
      4         1        2.41      2.41      2.41      2.41      2.41      0.14       5    
n551
      1         1        0.69      0.69      0.69      0.69      0.69      0.02       2    
n553
      1         1        0.69      0.69      0.69      0.69      0.69      0.02       2    
n554
      1         1        0.18      0.18      0.18      0.18      0.18      0.02       2    
n555
      1         1        0.18      0.18      0.18      0.18      0.18      0.02       2    
n556
      1         1        0.18      0.18      0.18      0.18      0.18      0.02       2    
n557
      1         1        0.18      0.18      0.18      0.18      0.18      0.02       2    
n558
      1         1        0.18      0.18      0.18      0.18      0.18      0.02       2    
n559
      2         1        1.18      1.18      1.18      1.18      1.18      0.07       3    
n560
      1         1        0.69      0.69      0.69      0.69      0.69      0.02       2    
n561
      1         1        0.69      0.69      0.69      0.69      0.69      0.02       2    
n562
      3         1        1.92      1.92      1.92      1.92      1.92      0.10       4    
n563
      1         1        0.69      0.69      0.69      0.69      0.69      0.02       2    
n564
      1         1        0.69      0.69      0.69      0.69      0.69      0.02       2    
n565
      1         1        0.69      0.69      0.69      0.69      0.69      0.02       2    
n566
      2         1        1.45      1.45      1.45      1.45      1.45      0.07       3    
n567
      1         1        0.18      0.18      0.18      0.18      0.18      0.02       2    
n568
      1         1        0.18      0.18      0.18      0.18      0.18      0.02       2    
n569
      1         1        0.69      0.69      0.69      0.69      0.69      0.02       2    
n570
      1         1        0.69      0.69      0.69      0.69      0.69      0.02       2    
n571
      1         1        0.69      0.69      0.69      0.69      0.69      0.02       2    
n572
      1         1        0.69      0.69      0.69      0.69      0.69      0.02       2    
n573
      1         1        0.69      0.69      0.69      0.69      0.69      0.02       2    
n574
      1         1        0.18      0.18      0.18      0.18      0.18      0.02       2    
n575
      3         1        2.05      2.05      2.05      2.05      2.05      0.10       4    
n576
      1         1        0.69      0.69      0.69      0.69      0.69      0.02       2    
n577
      1         1        0.18      0.18      0.18      0.18      0.18      0.02       2    
n578
      1         1        0.18      0.18      0.18      0.18      0.18      0.02       2    
n579
      1         1        0.69      0.69      0.69      0.69      0.69      0.02       2    
n580
      1         1        0.69      0.69      0.69      0.69      0.69      0.02       2    
n581
      1         1        0.69      0.69      0.69      0.69      0.69      0.02       2    
n582
      1         1        0.69      0.69      0.69      0.69      0.69      0.02       2    
n583
      1         1        0.69      0.69      0.69      0.69      0.69      0.02       2    
n584
      1         1        2.09      2.09      2.09      2.09      2.09      0.02       2    
n585
      1         1        2.09      2.09      2.09      2.09      2.09      0.02       2    
n586
      1         1        0.69      0.69      0.69      0.69      0.69      0.02       2    
n587
      2         1        0.94      0.94      0.94      0.94      0.94      0.07       3    
n588
      1         1        0.69      0.69      0.69      0.69      0.69      0.02       2    
n589
      1         1        0.18      0.18      0.18      0.18      0.18      0.02       2    
n590
      1         1        0.43      0.43      0.43      0.43      0.43      0.02       2    
n591
      1         1        0.18      0.18      0.18      0.18      0.18      0.02       2    
n592
      1         1        0.18      0.18      0.18      0.18      0.18      0.02       2    
n593
      1         1        0.18      0.18      0.18      0.18      0.18      0.02       2    
n594
      2         1        1.18      1.18      1.18      1.18      1.18      0.07       3    
n595
      1         1        0.69      0.69      0.69      0.69      0.69      0.02       2    
n596
      1         1        0.69      0.69      0.69      0.69      0.69      0.02       2    
n597
      1         1        0.69      0.69      0.69      0.69      0.69      0.02       2    
n598
      1         1        0.69      0.69      0.69      0.69      0.69      0.02       2    
n599
      1         1        0.69      0.69      0.69      0.69      0.69      0.02       2    
n600
      2         1        1.45      1.45      1.45      1.45      1.45      0.07       3    
n601
      2         1        1.18      1.18      1.18      1.18      1.18      0.07       3    
n602
      1         1        0.18      0.18      0.18      0.18      0.18      0.02       2    
n603
      1         1        0.18      0.18      0.18      0.18      0.18      0.02       2    
n604
      1         1        0.69      0.69      0.69      0.69      0.69      0.02       2    
n605
      1         1        0.69      0.69      0.69      0.69      0.69      0.02       2    
n606
      1         1        0.69      0.69      0.69      0.69      0.69      0.02       2    
n607
      1         1        0.69      0.69      0.69      0.69      0.69      0.02       2    
n608
      1         1        0.69      0.69      0.69      0.69      0.69      0.02       2    
n609
      1         1        0.18      0.18      0.18      0.18      0.18      0.02       2    
n610
      1         1        2.09      2.09      2.09      2.09      2.09      0.02       2    
n611
      1         1        2.09      2.09      2.09      2.09      2.09      0.02       2    
n612
      1         1        2.09      2.09      2.09      2.09      2.09      0.02       2    
n613
      1         1        2.09      2.09      2.09      2.09      2.09      0.02       2    
n614
      1         1        2.09      2.09      2.09      2.09      2.09      0.02       2    
n615
      3         1        2.05      2.05      2.05      2.05      2.05      0.10       4    
n616
      1         1        0.69      0.69      0.69      0.69      0.69      0.02       2    
n617
      1         1        0.18      0.18      0.18      0.18      0.18      0.02       2    
n618
      1         1        0.18      0.18      0.18      0.18      0.18      0.02       2    
n619
      1         1        0.69      0.69      0.69      0.69      0.69      0.02       2    
n620
      1         1        0.69      0.69      0.69      0.69      0.69      0.02       2    
n621
      1         1        0.69      0.69      0.69      0.69      0.69      0.02       2    
n622
      1         1        0.69      0.69      0.69      0.69      0.69      0.02       2    
n623
      1         1        2.09      2.09      2.09      2.09      2.09      0.02       2    
n624
      1         1        0.56      0.56      0.56      0.56      0.56      0.02       2    
n625
      1         1        0.56      0.56      0.56      0.56      0.56      0.02       2    
n626
      1         1        0.69      0.69      0.69      0.69      0.69      0.02       2    
n627
      1         1        0.69      0.69      0.69      0.69      0.69      0.02       2    
n628
      1         1        0.69      0.69      0.69      0.69      0.69      0.02       2    
n629
      2         1        1.45      1.45      1.45      1.45      1.45      0.07       3    
n630
      1         1        0.69      0.69      0.69      0.69      0.69      0.02       2    
n631
      1         1        0.69      0.69      0.69      0.69      0.69      0.02       2    
n632
      1         1        0.69      0.69      0.69      0.69      0.69      0.02       2    
n633
      2         1        1.18      1.18      1.18      1.18      1.18      0.07       3    
n634
      1         1        0.69      0.69      0.69      0.69      0.69      0.02       2    
n635
      1         1        0.69      0.69      0.69      0.69      0.69      0.02       2    
n636
      1         1        0.69      0.69      0.69      0.69      0.69      0.02       2    
n637
      1         1        0.18      0.18      0.18      0.18      0.18      0.02       2    
n638
      1         1        0.18      0.18      0.18      0.18      0.18      0.02       2    
n639
      1         1        0.31      0.31      0.31      0.31      0.31      0.02       2    
n640
      1         1        0.31      0.31      0.31      0.31      0.31      0.02       2    
n641
      1         1        0.69      0.69      0.69      0.69      0.69      0.02       2    
n642
      1         1        0.69      0.69      0.69      0.69      0.69      0.02       2    
n643
      1         1        0.69      0.69      0.69      0.69      0.69      0.02       2    
n644
      1         1        0.69      0.69      0.69      0.69      0.69      0.02       2    
n645
      1         1        0.18      0.18      0.18      0.18      0.18      0.02       2    
n646
      1         1        0.31      0.31      0.31      0.31      0.31      0.02       2    
n647
      1         1        0.31      0.31      0.31      0.31      0.31      0.02       2    
n648
      1         1        0.69      0.69      0.69      0.69      0.69      0.02       2    
n649
      1         1        0.69      0.69      0.69      0.69      0.69      0.02       2    
n650
      1         1        0.69      0.69      0.69      0.69      0.69      0.02       2    
n651
      2         1        0.42      0.42      0.42      0.42      0.42      0.07       3    
n652
      1         1        0.69      0.69      0.69      0.69      0.69      0.02       2    
n653
      1         1        0.69      0.69      0.69      0.69      0.69      0.02       2    
n654
      1         1        0.18      0.18      0.18      0.18      0.18      0.02       2    
n655
      2         1        1.18      1.18      1.18      1.18      1.18      0.07       3    
n656
      1         1        0.18      0.18      0.18      0.18      0.18      0.02       2    
n657
      2         1        0.42      0.42      0.42      0.42      0.42      0.07       3    
n658
      1         1        0.18      0.18      0.18      0.18      0.18      0.02       2    
n659
      1         1        0.31      0.31      0.31      0.31      0.31      0.02       2    
n660
      1         1        0.31      0.31      0.31      0.31      0.31      0.02       2    
n661
      2         1        1.45      1.45      1.45      1.45      1.45      0.07       3    
n662
      1         1        0.43      0.43      0.43      0.43      0.43      0.02       2    
n663
      1         1        0.18      0.18      0.18      0.18      0.18      0.02       2    
n664
      1         1        0.18      0.18      0.18      0.18      0.18      0.02       2    
n665
      1         1        0.69      0.69      0.69      0.69      0.69      0.02       2    
n666
      1         1        0.69      0.69      0.69      0.69      0.69      0.02       2    
n667
      1         1        0.43      0.43      0.43      0.43      0.43      0.02       2    
n668
      1         1        0.18      0.18      0.18      0.18      0.18      0.02       2    
n669
      1         1        0.18      0.18      0.18      0.18      0.18      0.02       2    
n670
      1         1        0.31      0.31      0.31      0.31      0.31      0.02       2    
n671
      1         1        0.69      0.69      0.69      0.69      0.69      0.02       2    
n672
      1         1        0.69      0.69      0.69      0.69      0.69      0.02       2    
n673
      1         1        0.69      0.69      0.69      0.69      0.69      0.02       2    
n674
      1         1        0.18      0.18      0.18      0.18      0.18      0.02       2    
n675
      1         1        0.69      0.69      0.69      0.69      0.69      0.02       2    
n676
      1         1        0.69      0.69      0.69      0.69      0.69      0.02       2    
n677
      1         1        0.69      0.69      0.69      0.69      0.69      0.02       2    
n678
      2         1        1.18      1.18      1.18      1.18      1.18      0.07       3    
n679
      1         1        0.18      0.18      0.18      0.18      0.18      0.02       2    
n680
      2         1        0.42      0.42      0.42      0.42      0.42      0.07       3    
n681
      1         1        0.69      0.69      0.69      0.69      0.69      0.02       2    
n682
      2         1        0.42      0.42      0.42      0.42      0.42      0.07       3    
n683
      1         1        0.69      0.69      0.69      0.69      0.69      0.02       2    
n684
      1         1        0.69      0.69      0.69      0.69      0.69      0.02       2    
n685
      1         1        0.69      0.69      0.69      0.69      0.69      0.02       2    
n686
      1         1        0.18      0.18      0.18      0.18      0.18      0.02       2    
n687
      1         1        0.69      0.69      0.69      0.69      0.69      0.02       2    
n688
      1         1        0.69      0.69      0.69      0.69      0.69      0.02       2    
n689
      1         1        0.69      0.69      0.69      0.69      0.69      0.02       2    
n690
      1         1        0.56      0.56      0.56      0.56      0.56      0.02       2    
n691
      1         1        0.56      0.56      0.56      0.56      0.56      0.02       2    
n692
      1         1        0.69      0.69      0.69      0.69      0.69      0.02       2    
n693
      1         1        0.69      0.69      0.69      0.69      0.69      0.02       2    
n694
      1         1        1.07      1.07      1.07      1.07      1.07      0.02       2    
n695
      1         1        1.07      1.07      1.07      1.07      1.07      0.02       2    
n696
      1         1        1.33      1.33      1.33      1.33      1.33      0.02       2    
n697
      1         1        1.33      1.33      1.33      1.33      1.33      0.02       2    
n698
      1         1        1.07      1.07      1.07      1.07      1.07      0.02       2    
n699
      1         1        1.07      1.07      1.07      1.07      1.07      0.02       2    
n700
      1         1        1.07      1.07      1.07      1.07      1.07      0.02       2    
n701
      1         1        1.07      1.07      1.07      1.07      1.07      0.02       2    
n702
      1         1        1.33      1.33      1.33      1.33      1.33      0.02       2    
n703
      1         1        1.33      1.33      1.33      1.33      1.33      0.02       2    
n704
      1         1        1.07      1.07      1.07      1.07      1.07      0.02       2    
n705
      1         1        1.07      1.07      1.07      1.07      1.07      0.02       2    
n706
      1         1        1.07      1.07      1.07      1.07      1.07      0.02       2    
n707
      1         1        1.07      1.07      1.07      1.07      1.07      0.02       2    
n708
      1         1        0.56      0.56      0.56      0.56      0.56      0.02       2    
n709
      1         1        0.56      0.56      0.56      0.56      0.56      0.02       2    
n710
      1         1        0.56      0.56      0.56      0.56      0.56      0.02       2    
n711
      1         1        1.33      1.33      1.33      1.33      1.33      0.02       2    
n712
      1         1        1.33      1.33      1.33      1.33      1.33      0.02       2    
n713
      1         1        1.33      1.33      1.33      1.33      1.33      0.02       2    
n714
      1         1        1.33      1.33      1.33      1.33      1.33      0.02       2    
n715
      1         1        0.43      0.43      0.43      0.43      0.43      0.02       2    
n716
      1         1        0.56      0.56      0.56      0.56      0.56      0.02       2    
n717
      1         1        0.56      0.56      0.56      0.56      0.56      0.02       2    
n718
      1         1        0.69      0.69      0.69      0.69      0.69      0.02       2    
n719
      1         1        0.69      0.69      0.69      0.69      0.69      0.02       2    
n720
      1         1        0.69      0.69      0.69      0.69      0.69      0.02       2    
n721
      2         1        1.45      1.45      1.45      1.45      1.45      0.07       3    
n722
      1         1        0.69      0.69      0.69      0.69      0.69      0.02       2    
n723
      2         1        0.42      0.42      0.42      0.42      0.42      0.07       3    
n724
      1         1        0.18      0.18      0.18      0.18      0.18      0.02       2    
n725
      1         1        0.31      0.31      0.31      0.31      0.31      0.02       2    
n726
      1         1        0.69      0.69      0.69      0.69      0.69      0.02       2    
n727
      1         1        0.31      0.31      0.31      0.31      0.31      0.02       2    
n728
      1         1        0.69      0.69      0.69      0.69      0.69      0.02       2    
n729
      1         1        0.69      0.69      0.69      0.69      0.69      0.02       2    
n730
      1         1        0.69      0.69      0.69      0.69      0.69      0.02       2    
n731
      2         1        0.42      0.42      0.42      0.42      0.42      0.07       3    
n732
      1         1        2.09      2.09      2.09      2.09      2.09      0.02       2    
n733
      1         1        0.18      0.21      0.15      0.21      0.15      0.02       2    
n734
      1         1        0.18      0.21      0.15      0.21      0.15      0.02       2    
n735
      1         1        0.18      0.21      0.15      0.21      0.15      0.02       2    
n736
      1         1        0.18      0.21      0.15      0.21      0.15      0.02       2    
n737
      1         1        0.18      0.21      0.15      0.21      0.15      0.02       2    
n738
      1         1        0.18      0.21      0.15      0.21      0.15      0.02       2    
n739
      1         1        0.18      0.21      0.15      0.21      0.15      0.02       2    
n740
      1         1        0.18      0.21      0.15      0.21      0.15      0.02       2    
n741
      1         1        0.18      0.21      0.15      0.21      0.15      0.02       2    
n742
      1         1        0.18      0.21      0.15      0.21      0.15      0.02       2    
n743
      1         1        0.18      0.21      0.15      0.21      0.15      0.02       2    
n744
      1         1        0.18      0.21      0.15      0.21      0.15      0.02       2    
n745
      1         1        0.18      0.21      0.15      0.21      0.15      0.02       2    
n746
      1         1        0.18      0.18      0.18      0.18      0.18      0.02       2    
n747
      4         1        0.86      0.86      0.86      0.86      0.86      0.14       5    
n748
      3         1        0.64      0.64      0.64      0.64      0.64      0.10       4    
n749
      3         1        0.64      0.64      0.64      0.64      0.64      0.10       4    
n750
      3         1        1.16      1.16      1.16      1.16      1.16      0.10       4    
n751
      3         1        1.39      1.39      1.39      1.39      1.39      0.10       4    
n752
      4         1        2.92      2.92      2.92      2.92      2.92      0.14       5    
n753
      4         1        2.92      2.92      2.92      2.92      2.92      0.14       5    
n754
      4         1        2.92      2.92      2.92      2.92      2.92      0.14       5    
n755
      3         1        1.65      1.65      1.65      1.65      1.65      0.10       4    
n756
      4         1        1.85      1.85      1.85      1.85      1.85      0.14       5    
n757
      3         1        2.19      2.19      2.19      2.19      2.19      0.10       4    
n758
      3         1        2.19      2.19      2.19      2.19      2.19      0.10       4    
n759
      4         1        2.92      2.92      2.92      2.92      2.92      0.14       5    
n760
      1         1        0.43      0.43      0.43      0.43      0.43      0.02       2    
n761
      4         1        2.92      2.92      2.92      2.92      2.92      0.14       5    
n762
      4         1        2.92      2.92      2.92      2.92      2.92      0.14       5    
n763
      2         1        0.92      0.92      0.92      0.92      0.92      0.07       3    
n764
      4         1        2.12      2.12      2.12      2.12      2.12      0.14       5    
n765
      3         1        0.64      0.64      0.64      0.64      0.64      0.10       4    
n766
      3         1        0.64      0.64      0.64      0.64      0.64      0.10       4    
n767
      4         1        0.86      0.86      0.86      0.86      0.86      0.14       5    
n768
      3         1        1.39      1.39      1.39      1.39      1.39      0.10       4    
n769
      4         1        1.38      1.38      1.38      1.38      1.38      0.14       5    
n770
      4         1        0.86      0.86      0.86      0.86      0.86      0.14       5    
n771
      3         1        1.39      1.39      1.39      1.39      1.39      0.10       4    
n772
      3         1        1.39      1.39      1.39      1.39      1.39      0.10       4    
n773
      2         1        0.92      0.92      0.92      0.92      0.92      0.07       3    
n774
      3         1        2.19      2.19      2.19      2.19      2.19      0.10       4    
n775
      3         1        1.67      1.67      1.67      1.67      1.67      0.10       4    
n776
      2         1        1.45      1.45      1.45      1.45      1.45      0.07       3    
n777
      3         1        2.19      2.19      2.19      2.19      2.19      0.10       4    
n778
      3         1        2.19      2.19      2.19      2.19      2.19      0.10       4    
n779
      4         1        2.92      2.92      2.92      2.92      2.92      0.14       5    
n780
      4         1        2.39      2.39      2.39      2.39      2.39      0.14       5    
n781
      4         1        2.14      2.14      2.14      2.14      2.14      0.14       5    
n782
      1         1        0.69      0.69      0.69      0.69      0.69      0.02       2    
n783
      4         1        0.86      0.86      0.86      0.86      0.86      0.14       5    
n784
      3         1        1.16      1.16      1.16      1.16      1.16      0.10       4    
n785
      1         1        0.69      0.69      0.69      0.69      0.69      0.02       2    
n786
      1         1        0.69      0.69      0.69      0.69      0.69      0.02       2    
n787
      2         1        0.94      0.94      0.94      0.94      0.94      0.07       3    
n788
      2         1        0.94      0.94      0.94      0.94      0.94      0.07       3    
n789
      2         1        1.56      1.56      1.56      1.56      1.56      0.07       3    
n790
      4         1        2.60      2.60      2.60      2.60      2.60      0.14       5    
n791
      1         1        0.69      0.69      0.69      0.69      0.69      0.02       2    
n792
      1         1        0.69      0.69      0.69      0.69      0.69      0.02       2    
n793
      2         1        1.45      1.45      1.45      1.45      1.45      0.07       3    
n794
      1         1        2.09      2.09      2.09      2.09      2.09      0.02       2    
n795
      1         1        0.69      0.69      0.69      0.69      0.69      0.02       2    
n796
      1         1        0.43      0.43      0.43      0.43      0.43      0.02       2    
n797
      1         1        0.18      0.18      0.18      0.18      0.18      0.02       2    
n798
      3         1        1.16      1.16      1.16      1.16      1.16      0.10       4    
n799
      1         1        0.69      0.69      0.69      0.69      0.69      0.02       2    
n800
      1         1        0.69      0.69      0.69      0.69      0.69      0.02       2    
n801
      4         1        0.86      0.86      0.86      0.86      0.86      0.14       5    
n802
      4         1        0.86      0.86      0.86      0.86      0.86      0.14       5    
n803
      4         1        0.86      0.86      0.86      0.86      0.86      0.14       5    
n804
      3         1        0.77      0.77      0.77      0.77      0.77      0.10       4    
random[0]
      2         1        1.18      1.18      1.18      1.18      1.18      0.07       3    
random[1]
      1         1        0.43      0.43      0.43      0.43      0.43      0.02       2    
random[2]
      2         1        1.18      1.18      1.18      1.18      1.18      0.07       3    
random[3]
      1         1        0.43      0.43      0.43      0.43      0.43      0.02       2    
random[4]
      2         1        0.67      0.67      0.67      0.67      0.67      0.07       3    
random[5]
      3         1        1.41      1.41      1.41      1.41      1.41      0.10       4    
random[6]
      2         1        0.67      0.67      0.67      0.67      0.67      0.07       3    
random[7]
      3         1        1.41      1.41      1.41      1.41      1.41      0.10       4    
random[8]
      2         1        0.67      0.67      0.67      0.67      0.67      0.07       3    
random[9]
      3         1        1.41      1.41      1.41      1.41      1.41      0.10       4    
random[10]
      2         1        0.67      0.67      0.67      0.67      0.67      0.07       3    
random[11]
      3         1        1.41      1.41      1.41      1.41      1.41      0.10       4    
random[12]
      3         1        1.41      1.41      1.41      1.41      1.41      0.10       4    
random[13]
      2         1        1.18      1.18      1.18      1.18      1.18      0.07       3    
random[14]
      2         1        0.67      0.67      0.67      0.67      0.67      0.07       3    
random[15]
      3         1        1.92      1.92      1.92      1.92      1.92      0.10       4    
reset
      5         1       13.06     13.06     13.06     13.06     13.06      0.17       6    
-----------------------------------------------------------------------------------------------
Total 553 nets
    919       553      725.36    726.57    724.14    726.57    724.14     25.78    1472
Maximum
     16         1       15.11     15.11     15.11     15.11     15.11      0.29      17
Average
   1.66      1.00        1.31      1.31      1.31      1.31      1.31      0.05    2.66
1
