 
****************************************
Report : net
Design : ReLU
Version: I-2013.12-SP4
Date   : Tue Sep 21 21:52:07 2021
****************************************


Operating Conditions: TYPICAL   Library: 14nm_sg_345K_maxfan4_wire
Wire Load Model Mode: top

Design        Wire Load Model            Library
------------------------------------------------
ReLU                   1K                14nm_sg_345K_maxfan4_wire


Attributes:
   dr - drc disabled

Net                 Fanout     Fanin      Load   Resistance    Pins   Attributes
--------------------------------------------------------------------------------
f[0]                     1         1      0.05         0.02       2   
f[1]                     1         1      0.05         0.02       2   
f[2]                     1         1      0.05         0.02       2   
f[3]                     1         1      0.05         0.02       2   
f[4]                     1         1      0.05         0.02       2   
f[5]                     1         1      0.05         0.02       2   
f[6]                     1         1      0.05         0.02       2   
f[7]                     1         1      0.05         0.02       2   
f[8]                     1         1      0.05         0.02       2   
f[9]                     1         1      0.05         0.02       2   
f[10]                    1         1      0.05         0.02       2   
f[11]                    1         1      0.05         0.02       2   
f[12]                    1         1      0.05         0.02       2   
f[13]                    1         1      0.05         0.02       2   
f[14]                    1         1      0.05         0.02       2   
f[15]                    1         1      0.05         0.02       2   
f[16]                    1         1      0.05         0.02       2   
f[17]                    1         1      0.05         0.02       2   
f[18]                    1         1      0.05         0.02       2   
f[19]                    1         1      0.00         0.00       2   dr
i[0]                     1         1      3.05         0.02       2   
i[1]                     1         1      3.05         0.02       2   
i[2]                     1         1      3.05         0.02       2   
i[3]                     1         1      3.05         0.02       2   
i[4]                     1         1      3.05         0.02       2   
i[5]                     1         1      3.05         0.02       2   
i[6]                     1         1      3.05         0.02       2   
i[7]                     1         1      3.05         0.02       2   
i[8]                     1         1      3.05         0.02       2   
i[9]                     1         1      3.05         0.02       2   
i[10]                    1         1      3.05         0.02       2   
i[11]                    1         1      3.05         0.02       2   
i[12]                    1         1      3.05         0.02       2   
i[13]                    1         1      3.05         0.02       2   
i[14]                    1         1      3.05         0.02       2   
i[15]                    1         1      3.05         0.02       2   
i[16]                    1         1      3.05         0.02       2   
i[17]                    1         1      3.05         0.02       2   
i[18]                    1         1      3.05         0.02       2   
i[19]                   19         1     12.94         0.29      20   
n21                      1         1      0.69         0.02       2   
n22                      1         1      0.69         0.02       2   
n23                      1         1      0.69         0.02       2   
n24                      1         1      0.69         0.02       2   
n25                      1         1      0.69         0.02       2   
n26                      1         1      0.69         0.02       2   
n27                      1         1      0.69         0.02       2   
n28                      1         1      0.69         0.02       2   
n29                      1         1      0.69         0.02       2   
n30                      1         1      0.69         0.02       2   
n31                      1         1      0.69         0.02       2   
n32                      1         1      0.69         0.02       2   
n33                      1         1      0.69         0.02       2   
n34                      1         1      0.69         0.02       2   
n35                      1         1      0.69         0.02       2   
n36                      1         1      0.69         0.02       2   
n37                      1         1      0.69         0.02       2   
n38                      1         1      0.69         0.02       2   
n39                      1         1      0.69         0.02       2   
--------------------------------------------------------------------------------
Total 59 nets           77        59     85.03         1.46     136
Maximum                 19         1     12.94         0.29      20
Average               1.31      1.00      1.44         0.02    2.31
1
